  
       XFOIL         Version 6.99
  
 Calculated polar for: NACA 4415                                       
  
 1 1 Reynolds number fixed          Mach number fixed         
  
 xtrf =   1.000 (top)        1.000 (bottom)  
 Mach =   0.440     Re =     2.470 e 6     Ncrit =   9.000
  
   alpha    CL        CD       CDp       CM     Top_Xtr  Bot_Xtr
  ------ -------- --------- --------- -------- -------- --------
  -3.500   0.0825   0.00758   0.00210  -0.1151   0.5965   0.0716
  -3.000   0.1472   0.00747   0.00194  -0.1145   0.5723   0.0841
  -2.500   0.2119   0.00739   0.00183  -0.1140   0.5498   0.0993
  -2.000   0.2766   0.00732   0.00175  -0.1136   0.5298   0.1176
  -1.500   0.3411   0.00728   0.00170  -0.1133   0.5117   0.1390
  -1.000   0.4054   0.00724   0.00169  -0.1130   0.4954   0.1659
  -0.500   0.4695   0.00723   0.00171  -0.1127   0.4805   0.1953
   0.000   0.5343   0.00720   0.00174  -0.1125   0.4692   0.2291
   0.500   0.5986   0.00718   0.00181  -0.1123   0.4581   0.2689
   1.000   0.6622   0.00721   0.00191  -0.1119   0.4465   0.3158
   1.500   0.7267   0.00715   0.00201  -0.1117   0.4380   0.3814
   2.500   0.8519   0.00683   0.00237  -0.1108   0.4182   0.6660
   3.000   0.9135   0.00675   0.00260  -0.1098   0.4077   0.7938
   3.500   0.9683   0.00669   0.00288  -0.1071   0.3956   0.9361
   4.000   1.0436   0.00693   0.00314  -0.1087   0.3822   0.9966
   4.500   1.1061   0.00724   0.00339  -0.1077   0.3668   1.0000
   5.000   1.1636   0.00760   0.00369  -0.1056   0.3493   1.0000
   5.500   1.2190   0.00806   0.00408  -0.1031   0.3286   1.0000
   6.000   1.2709   0.00855   0.00451  -0.0998   0.3071   1.0000
   6.500   1.3194   0.00921   0.00508  -0.0959   0.2820   1.0000
   7.000   1.3672   0.00997   0.00577  -0.0919   0.2555   1.0000
   7.500   1.4104   0.01097   0.00667  -0.0874   0.2254   1.0000
   8.000   1.4490   0.01222   0.00783  -0.0823   0.1937   1.0000
   8.500   1.4815   0.01383   0.00934  -0.0766   0.1612   1.0000
   9.000   1.5096   0.01579   0.01123  -0.0709   0.1310   1.0000
   9.500   1.5347   0.01811   0.01350  -0.0653   0.1055   1.0000
  10.000   1.5565   0.02086   0.01624  -0.0600   0.0852   1.0000
  10.500   1.5769   0.02398   0.01939  -0.0552   0.0704   1.0000
  11.000   1.5945   0.02756   0.02303  -0.0509   0.0591   1.0000
  11.500   1.6098   0.03162   0.02717  -0.0471   0.0509   1.0000
  12.000   1.6209   0.03627   0.03193  -0.0438   0.0444   1.0000
  12.500   1.6279   0.04152   0.03730  -0.0410   0.0395   1.0000
  13.000   1.6298   0.04744   0.04334  -0.0386   0.0358   1.0000
  13.500   1.6266   0.05398   0.05001  -0.0367   0.0326   1.0000
  14.000   1.6229   0.06079   0.05697  -0.0353   0.0301   1.0000
  14.500   1.6108   0.06850   0.06482  -0.0344   0.0280   1.0000
  15.000   1.6018   0.07618   0.07265  -0.0340   0.0264   1.0000
  15.500   1.5870   0.08453   0.08114  -0.0341   0.0249   1.0000
  16.000   1.5722   0.09317   0.08993  -0.0348   0.0236   1.0000
  16.500   1.5575   0.10195   0.09886  -0.0360   0.0223   1.0000
  17.000   1.5397   0.11138   0.10843  -0.0380   0.0213   1.0000
  17.500   1.5226   0.12095   0.11814  -0.0407   0.0205   1.0000
  18.000   1.5081   0.13054   0.12787  -0.0439   0.0196   1.0000
  18.500   1.4934   0.14040   0.13787  -0.0480   0.0188   1.0000
  19.500   1.4634   0.16122   0.15895  -0.0586   0.0173   1.0000
  20.000   1.4507   0.17181   0.16968  -0.0648   0.0167   1.0000
