  
       XFOIL         Version 6.99
  
 Calculated polar for: NACA 4415                                       
  
 1 1 Reynolds number fixed          Mach number fixed         
  
 xtrf =   1.000 (top)        1.000 (bottom)  
 Mach =   0.300     Re =     2.310 e 6     Ncrit =   9.000
  
   alpha    CL        CD       CDp       CM     Top_Xtr  Bot_Xtr
  ------ -------- --------- --------- -------- -------- --------
  -4.000   0.0230   0.00741   0.00197  -0.1080   0.6509   0.0717
  -3.500   0.0828   0.00731   0.00181  -0.1077   0.6256   0.0836
  -3.000   0.1429   0.00720   0.00169  -0.1075   0.6026   0.0978
  -2.500   0.2030   0.00714   0.00160  -0.1074   0.5793   0.1136
  -2.000   0.2627   0.00708   0.00153  -0.1072   0.5570   0.1351
  -1.500   0.3225   0.00705   0.00150  -0.1071   0.5364   0.1581
  -1.000   0.3823   0.00702   0.00149  -0.1070   0.5178   0.1863
  -0.500   0.4422   0.00699   0.00150  -0.1070   0.5018   0.2187
   0.000   0.5022   0.00697   0.00153  -0.1070   0.4878   0.2556
   0.500   0.5621   0.00695   0.00159  -0.1070   0.4750   0.2979
   1.000   0.6214   0.00694   0.00167  -0.1069   0.4622   0.3536
   1.500   0.6806   0.00676   0.00176  -0.1069   0.4523   0.4684
   2.000   0.7390   0.00657   0.00191  -0.1067   0.4421   0.6097
   2.500   0.7969   0.00647   0.00207  -0.1063   0.4315   0.7292
   3.000   0.8535   0.00632   0.00226  -0.1055   0.4223   0.8584
   3.500   0.9047   0.00636   0.00249  -0.1032   0.4104   0.9674
   4.000   0.9807   0.00657   0.00268  -0.1066   0.3982   0.9972
   4.500   1.0408   0.00682   0.00287  -0.1065   0.3841   1.0000
   5.000   1.0950   0.00711   0.00309  -0.1052   0.3675   1.0000
   5.500   1.1487   0.00747   0.00336  -0.1038   0.3474   1.0000
   6.000   1.2017   0.00789   0.00369  -0.1023   0.3254   1.0000
   6.500   1.2531   0.00838   0.00408  -0.1005   0.3010   1.0000
   7.000   1.3021   0.00896   0.00455  -0.0982   0.2745   1.0000
   7.500   1.3461   0.00965   0.00511  -0.0950   0.2455   1.0000
   8.000   1.3853   0.01047   0.00580  -0.0909   0.2153   1.0000
   8.500   1.4223   0.01145   0.00665  -0.0867   0.1840   1.0000
   9.000   1.4557   0.01264   0.00769  -0.0821   0.1527   1.0000
   9.500   1.4863   0.01400   0.00894  -0.0773   0.1252   1.0000
  10.000   1.5152   0.01555   0.01040  -0.0726   0.1022   1.0000
  10.500   1.5420   0.01731   0.01210  -0.0680   0.0835   1.0000
  11.000   1.5673   0.01930   0.01407  -0.0636   0.0695   1.0000
  11.500   1.5920   0.02148   0.01626  -0.0596   0.0590   1.0000
  12.000   1.6151   0.02396   0.01876  -0.0558   0.0510   1.0000
  12.500   1.6346   0.02684   0.02168  -0.0523   0.0446   1.0000
  13.000   1.6518   0.03013   0.02504  -0.0491   0.0396   1.0000
  13.500   1.6659   0.03389   0.02888  -0.0462   0.0357   1.0000
  14.000   1.6753   0.03832   0.03340  -0.0437   0.0322   1.0000
  14.500   1.6843   0.04299   0.03818  -0.0416   0.0297   1.0000
  15.000   1.6876   0.04842   0.04373  -0.0399   0.0275   1.0000
  15.500   1.6882   0.05429   0.04972  -0.0386   0.0258   1.0000
  16.000   1.6828   0.06098   0.05654  -0.0377   0.0242   1.0000
  16.500   1.6787   0.06764   0.06334  -0.0372   0.0229   1.0000
  17.000   1.6677   0.07525   0.07109  -0.0372   0.0216   1.0000
  17.500   1.6548   0.08321   0.07920  -0.0376   0.0206   1.0000
  18.000   1.6446   0.09104   0.08717  -0.0383   0.0197   1.0000
  18.500   1.6283   0.09969   0.09596  -0.0397   0.0189   1.0000
  19.000   1.6104   0.10878   0.10519  -0.0416   0.0181   1.0000
  19.500   1.5959   0.11758   0.11414  -0.0439   0.0175   1.0000
  20.000   1.5833   0.12634   0.12304  -0.0467   0.0168   1.0000
