  
       XFOIL         Version 6.99
  
 Calculated polar for: NACA 4415                                       
  
 1 1 Reynolds number fixed          Mach number fixed         
  
 xtrf =   1.000 (top)        1.000 (bottom)  
 Mach =   0.190     Re =     1.060 e 6     Ncrit =   9.000
  
   alpha    CL        CD       CDp       CM     Top_Xtr  Bot_Xtr
  ------ -------- --------- --------- -------- -------- --------
  -4.000   0.0282   0.00840   0.00246  -0.1052   0.7319   0.0945
  -3.500   0.0851   0.00823   0.00226  -0.1049   0.7092   0.1102
  -3.000   0.1419   0.00809   0.00210  -0.1046   0.6857   0.1290
  -2.500   0.1982   0.00798   0.00198  -0.1043   0.6611   0.1523
  -2.000   0.2548   0.00789   0.00189  -0.1040   0.6377   0.1799
  -1.500   0.3113   0.00783   0.00184  -0.1037   0.6137   0.2118
  -1.000   0.3674   0.00780   0.00183  -0.1034   0.5906   0.2494
  -0.500   0.4235   0.00779   0.00185  -0.1031   0.5692   0.2940
   0.000   0.4797   0.00773   0.00188  -0.1029   0.5496   0.3507
   0.500   0.5348   0.00754   0.00195  -0.1026   0.5318   0.4617
   1.000   0.5887   0.00728   0.00209  -0.1020   0.5156   0.6271
   1.500   0.6423   0.00708   0.00225  -0.1012   0.5016   0.7656
   2.000   0.6913   0.00692   0.00246  -0.0990   0.4891   0.9049
   2.500   0.7561   0.00710   0.00266  -0.1002   0.4766   0.9821
   3.500   0.8867   0.00757   0.00299  -0.1037   0.4527   1.0000
   4.000   0.9372   0.00780   0.00317  -0.1023   0.4417   1.0000
   4.500   0.9886   0.00807   0.00338  -0.1011   0.4295   1.0000
   5.000   1.0420   0.00830   0.00360  -0.1002   0.4176   1.0000
   5.500   1.0944   0.00859   0.00385  -0.0992   0.4040   1.0000
   6.000   1.1461   0.00892   0.00413  -0.0981   0.3878   1.0000
   6.500   1.1967   0.00930   0.00445  -0.0968   0.3688   1.0000
   7.000   1.2450   0.00977   0.00485  -0.0951   0.3473   1.0000
   7.500   1.2913   0.01031   0.00530  -0.0931   0.3245   1.0000
   8.000   1.3328   0.01094   0.00584  -0.0901   0.2988   1.0000
   8.500   1.3719   0.01170   0.00650  -0.0869   0.2714   1.0000
   9.000   1.4079   0.01265   0.00733  -0.0833   0.2414   1.0000
   9.500   1.4402   0.01381   0.00835  -0.0794   0.2095   1.0000
  10.000   1.4685   0.01521   0.00961  -0.0750   0.1776   1.0000
  10.500   1.4931   0.01687   0.01114  -0.0705   0.1481   1.0000
  11.000   1.5152   0.01877   0.01293  -0.0661   0.1228   1.0000
  11.500   1.5354   0.02093   0.01503  -0.0618   0.1019   1.0000
  12.000   1.5527   0.02343   0.01748  -0.0578   0.0858   1.0000
  12.500   1.5696   0.02615   0.02021  -0.0542   0.0732   1.0000
  13.000   1.5836   0.02929   0.02338  -0.0509   0.0636   1.0000
  13.500   1.5952   0.03283   0.02697  -0.0480   0.0562   1.0000
  14.000   1.6049   0.03682   0.03103  -0.0456   0.0502   1.0000
  14.500   1.6116   0.04132   0.03563  -0.0435   0.0456   1.0000
  15.000   1.6129   0.04665   0.04105  -0.0419   0.0418   1.0000
  15.500   1.6160   0.05197   0.04651  -0.0408   0.0387   1.0000
  16.000   1.6122   0.05829   0.05295  -0.0400   0.0361   1.0000
  16.500   1.6083   0.06478   0.05958  -0.0397   0.0339   1.0000
  17.000   1.5960   0.07247   0.06741  -0.0398   0.0321   1.0000
  17.500   1.5901   0.07952   0.07462  -0.0402   0.0305   1.0000
  18.000   1.5776   0.08754   0.08278  -0.0411   0.0290   1.0000
  18.500   1.5606   0.09632   0.09171  -0.0425   0.0278   1.0000
  19.000   1.5518   0.10413   0.09969  -0.0440   0.0265   1.0000
  19.500   1.5378   0.11282   0.10853  -0.0462   0.0254   1.0000
  20.000   1.5167   0.12270   0.11854  -0.0493   0.0244   1.0000
