  
       XFOIL         Version 6.99
  
 Calculated polar for: NACA 4415                                       
  
 1 1 Reynolds number fixed          Mach number fixed         
  
 xtrf =   1.000 (top)        1.000 (bottom)  
 Mach =   0.370     Re =     2.110 e 6     Ncrit =   9.000
  
   alpha    CL        CD       CDp       CM     Top_Xtr  Bot_Xtr
  ------ -------- --------- --------- -------- -------- --------
  -4.000   0.0211   0.00769   0.00219  -0.1113   0.6483   0.0694
  -3.500   0.0829   0.00758   0.00201  -0.1108   0.6232   0.0801
  -3.000   0.1450   0.00746   0.00186  -0.1105   0.5997   0.0942
  -2.500   0.2067   0.00738   0.00175  -0.1101   0.5758   0.1110
  -2.000   0.2681   0.00733   0.00168  -0.1098   0.5534   0.1312
  -1.500   0.3297   0.00730   0.00164  -0.1096   0.5331   0.1544
  -1.000   0.3912   0.00726   0.00163  -0.1094   0.5151   0.1835
  -0.500   0.4526   0.00724   0.00165  -0.1092   0.4987   0.2155
   0.000   0.5144   0.00721   0.00168  -0.1091   0.4852   0.2527
   0.500   0.5761   0.00719   0.00175  -0.1089   0.4730   0.2962
   1.000   0.6371   0.00718   0.00184  -0.1087   0.4611   0.3519
   1.500   0.6976   0.00701   0.00195  -0.1085   0.4507   0.4686
   2.000   0.7577   0.00681   0.00211  -0.1082   0.4409   0.6168
   2.500   0.8168   0.00673   0.00230  -0.1076   0.4297   0.7418
   3.000   0.8740   0.00657   0.00252  -0.1063   0.4208   0.8789
   3.500   0.9313   0.00667   0.00277  -0.1047   0.4094   0.9795
   4.000   1.0098   0.00694   0.00298  -0.1081   0.3959   1.0000
   4.500   1.0657   0.00718   0.00318  -0.1065   0.3825   1.0000
   5.000   1.1218   0.00750   0.00344  -0.1049   0.3661   1.0000
   5.500   1.1766   0.00789   0.00376  -0.1031   0.3466   1.0000
   6.000   1.2303   0.00834   0.00413  -0.1011   0.3251   1.0000
   6.500   1.2812   0.00887   0.00457  -0.0985   0.3010   1.0000
   7.000   1.3265   0.00951   0.00512  -0.0948   0.2755   1.0000
   7.500   1.3692   0.01032   0.00582  -0.0908   0.2463   1.0000
   8.000   1.4092   0.01130   0.00669  -0.0865   0.2157   1.0000
   8.500   1.4455   0.01250   0.00777  -0.0818   0.1838   1.0000
   9.000   1.4769   0.01398   0.00914  -0.0766   0.1519   1.0000
   9.500   1.5041   0.01577   0.01083  -0.0713   0.1236   1.0000
  10.000   1.5287   0.01786   0.01286  -0.0661   0.0998   1.0000
  10.500   1.5529   0.02017   0.01515  -0.0613   0.0820   1.0000
  11.000   1.5732   0.02293   0.01792  -0.0568   0.0679   1.0000
  11.500   1.5934   0.02594   0.02097  -0.0528   0.0580   1.0000
  12.000   1.6096   0.02948   0.02457  -0.0491   0.0500   1.0000
  12.500   1.6235   0.03347   0.02864  -0.0458   0.0441   1.0000
  13.000   1.6341   0.03802   0.03329  -0.0431   0.0393   1.0000
  13.500   1.6401   0.04318   0.03857  -0.0407   0.0355   1.0000
  14.000   1.6407   0.04909   0.04460  -0.0388   0.0324   1.0000
  14.500   1.6412   0.05518   0.05083  -0.0374   0.0302   1.0000
  15.000   1.6331   0.06232   0.05810  -0.0364   0.0280   1.0000
  15.500   1.6276   0.06933   0.06526  -0.0358   0.0263   1.0000
  16.000   1.6152   0.07726   0.07333  -0.0357   0.0248   1.0000
  16.500   1.6023   0.08540   0.08163  -0.0361   0.0236   1.0000
  17.000   1.5897   0.09370   0.09007  -0.0369   0.0225   1.0000
  17.500   1.5720   0.10275   0.09926  -0.0384   0.0215   1.0000
  18.000   1.5569   0.11174   0.10841  -0.0404   0.0205   1.0000
  18.500   1.5424   0.12082   0.11763  -0.0430   0.0196   1.0000
  19.000   1.5281   0.13015   0.12710  -0.0462   0.0188   1.0000
  19.500   1.5084   0.14045   0.13754  -0.0505   0.0181   1.0000
  20.000   1.4962   0.14996   0.14719  -0.0549   0.0175   1.0000
