  
       XFOIL         Version 6.99
  
 Calculated polar for: NACA 4415                                       
  
 1 1 Reynolds number fixed          Mach number fixed         
  
 xtrf =   1.000 (top)        1.000 (bottom)  
 Mach =   0.310     Re =     1.760 e 6     Ncrit =   9.000
  
   alpha    CL        CD       CDp       CM     Top_Xtr  Bot_Xtr
  ------ -------- --------- --------- -------- -------- --------
  -4.000   0.0235   0.00779   0.00218  -0.1085   0.6738   0.0764
  -3.500   0.0836   0.00765   0.00200  -0.1082   0.6499   0.0888
  -3.000   0.1431   0.00756   0.00186  -0.1078   0.6246   0.1037
  -2.500   0.2029   0.00746   0.00175  -0.1076   0.6015   0.1228
  -2.000   0.2626   0.00741   0.00168  -0.1073   0.5782   0.1445
  -1.500   0.3221   0.00737   0.00164  -0.1071   0.5562   0.1701
  -1.000   0.3814   0.00734   0.00163  -0.1069   0.5363   0.2009
  -0.500   0.4409   0.00733   0.00165  -0.1067   0.5182   0.2363
   0.000   0.5006   0.00731   0.00169  -0.1066   0.5026   0.2768
   0.500   0.5601   0.00727   0.00175  -0.1065   0.4888   0.3271
   1.000   0.6192   0.00720   0.00183  -0.1064   0.4762   0.4003
   2.000   0.7350   0.00678   0.00213  -0.1057   0.4538   0.6930
   2.500   0.7909   0.00666   0.00233  -0.1047   0.4431   0.8252
   3.000   0.8417   0.00659   0.00256  -0.1023   0.4330   0.9528
   3.500   0.9166   0.00681   0.00275  -0.1053   0.4220   0.9945
   4.000   0.9816   0.00708   0.00295  -0.1063   0.4096   1.0000
   4.500   1.0360   0.00731   0.00314  -0.1049   0.3969   1.0000
   5.000   1.0911   0.00758   0.00336  -0.1037   0.3822   1.0000
   5.500   1.1452   0.00792   0.00364  -0.1023   0.3643   1.0000
   6.000   1.1978   0.00835   0.00398  -0.1006   0.3434   1.0000
   6.500   1.2496   0.00880   0.00436  -0.0988   0.3213   1.0000
   7.000   1.2973   0.00940   0.00485  -0.0962   0.2955   1.0000
   7.500   1.3407   0.01005   0.00540  -0.0927   0.2690   1.0000
   8.000   1.3813   0.01087   0.00611  -0.0890   0.2399   1.0000
   8.500   1.4185   0.01189   0.00700  -0.0848   0.2084   1.0000
   9.000   1.4510   0.01316   0.00813  -0.0801   0.1756   1.0000
   9.500   1.4800   0.01467   0.00951  -0.0752   0.1449   1.0000
  10.000   1.5063   0.01641   0.01116  -0.0702   0.1183   1.0000
  10.500   1.5303   0.01841   0.01309  -0.0654   0.0967   1.0000
  11.000   1.5534   0.02065   0.01530  -0.0610   0.0801   1.0000
  11.500   1.5742   0.02321   0.01787  -0.0569   0.0675   1.0000
  12.000   1.5932   0.02609   0.02078  -0.0531   0.0578   1.0000
  12.500   1.6097   0.02939   0.02413  -0.0496   0.0505   1.0000
  13.000   1.6232   0.03317   0.02799  -0.0466   0.0446   1.0000
  13.500   1.6339   0.03746   0.03238  -0.0440   0.0400   1.0000
  14.000   1.6396   0.04242   0.03743  -0.0418   0.0364   1.0000
  14.500   1.6438   0.04779   0.04292  -0.0401   0.0335   1.0000
  15.000   1.6439   0.05373   0.04900  -0.0387   0.0310   1.0000
  15.500   1.6392   0.06038   0.05577  -0.0378   0.0289   1.0000
  16.000   1.6329   0.06733   0.06287  -0.0373   0.0273   1.0000
  16.500   1.6245   0.07471   0.07040  -0.0373   0.0258   1.0000
  17.500   1.5987   0.09095   0.08694  -0.0385   0.0233   1.0000
  18.000   1.5845   0.09944   0.09557  -0.0398   0.0222   1.0000
  18.500   1.5662   0.10867   0.10494  -0.0418   0.0212   1.0000
  19.000   1.5517   0.11759   0.11402  -0.0442   0.0205   1.0000
  19.500   1.5398   0.12636   0.12294  -0.0469   0.0197   1.0000
  20.000   1.5248   0.13580   0.13252  -0.0506   0.0189   1.0000
