  
       XFOIL         Version 6.99
  
 Calculated polar for: NACA 4415                                       
  
 1 1 Reynolds number fixed          Mach number fixed         
  
 xtrf =   1.000 (top)        1.000 (bottom)  
 Mach =   0.240     Re =     1.850 e 6     Ncrit =   9.000
  
   alpha    CL        CD       CDp       CM     Top_Xtr  Bot_Xtr
  ------ -------- --------- --------- -------- -------- --------
  -3.500   0.0833   0.00747   0.00186  -0.1057   0.6542   0.0917
  -3.000   0.1416   0.00736   0.00173  -0.1056   0.6298   0.1081
  -2.500   0.1997   0.00731   0.00164  -0.1054   0.6056   0.1257
  -2.000   0.2581   0.00723   0.00157  -0.1053   0.5834   0.1493
  -1.500   0.3165   0.00719   0.00153  -0.1052   0.5615   0.1746
  -1.000   0.3747   0.00716   0.00152  -0.1051   0.5414   0.2045
  -0.500   0.4328   0.00714   0.00154  -0.1050   0.5230   0.2402
   0.000   0.4911   0.00712   0.00157  -0.1050   0.5067   0.2810
   0.500   0.5492   0.00709   0.00163  -0.1049   0.4922   0.3323
   1.000   0.6067   0.00701   0.00171  -0.1048   0.4788   0.4092
   2.000   0.7202   0.00659   0.00198  -0.1044   0.4564   0.6938
   2.500   0.7750   0.00648   0.00217  -0.1036   0.4448   0.8219
   3.000   0.8252   0.00638   0.00237  -0.1014   0.4356   0.9466
   3.500   0.8941   0.00658   0.00255  -0.1036   0.4245   0.9923
   4.000   0.9632   0.00685   0.00274  -0.1059   0.4113   1.0000
   4.500   1.0164   0.00703   0.00290  -0.1048   0.3999   1.0000
   5.000   1.0699   0.00729   0.00310  -0.1037   0.3853   1.0000
   5.500   1.1231   0.00761   0.00335  -0.1026   0.3673   1.0000
   6.000   1.1749   0.00801   0.00365  -0.1012   0.3463   1.0000
   6.500   1.2261   0.00844   0.00400  -0.0998   0.3240   1.0000
   7.000   1.2751   0.00898   0.00443  -0.0980   0.2986   1.0000
   7.500   1.3217   0.00958   0.00492  -0.0957   0.2714   1.0000
   8.000   1.3628   0.01030   0.00551  -0.0924   0.2428   1.0000
   8.500   1.4000   0.01117   0.00624  -0.0886   0.2119   1.0000
   9.000   1.4341   0.01223   0.00715  -0.0844   0.1798   1.0000
   9.500   1.4654   0.01346   0.00824  -0.0800   0.1499   1.0000
  10.000   1.4937   0.01490   0.00954  -0.0754   0.1228   1.0000
  10.500   1.5209   0.01647   0.01103  -0.0710   0.1008   1.0000
  11.000   1.5466   0.01822   0.01273  -0.0667   0.0839   1.0000
  11.500   1.5702   0.02024   0.01472  -0.0626   0.0702   1.0000
  12.000   1.5926   0.02247   0.01695  -0.0588   0.0601   1.0000
  12.500   1.6138   0.02496   0.01946  -0.0553   0.0524   1.0000
  13.000   1.6320   0.02783   0.02238  -0.0520   0.0461   1.0000
  13.500   1.6472   0.03113   0.02574  -0.0490   0.0412   1.0000
  14.000   1.6591   0.03495   0.02963  -0.0463   0.0371   1.0000
  14.500   1.6706   0.03906   0.03383  -0.0442   0.0340   1.0000
  15.000   1.6772   0.04382   0.03871  -0.0423   0.0314   1.0000
  15.500   1.6804   0.04913   0.04412  -0.0408   0.0292   1.0000
  16.000   1.6804   0.05495   0.05007  -0.0398   0.0274   1.0000
  16.500   1.6780   0.06121   0.05646  -0.0391   0.0258   1.0000
  17.000   1.6685   0.06842   0.06379  -0.0388   0.0242   1.0000
  17.500   1.6624   0.07544   0.07096  -0.0389   0.0232   1.0000
  18.000   1.6511   0.08313   0.07880  -0.0394   0.0221   1.0000
  19.000   1.6233   0.09966   0.09562  -0.0417   0.0204   1.0000
  19.500   1.6096   0.10816   0.10427  -0.0435   0.0196   1.0000
  20.000   1.5948   0.11689   0.11313  -0.0458   0.0188   1.0000
