  
       XFOIL         Version 6.99
  
 Calculated polar for: NACA 4415                                       
  
 1 1 Reynolds number fixed          Mach number fixed         
  
 xtrf =   1.000 (top)        1.000 (bottom)  
 Mach =   0.180     Re =     1.390 e 6     Ncrit =   9.000
  
   alpha    CL        CD       CDp       CM     Top_Xtr  Bot_Xtr
  ------ -------- --------- --------- -------- -------- --------
  -0.400   0.4364   0.00740   0.00165  -0.1034   0.5456   0.2780
   0.100   0.4930   0.00736   0.00170  -0.1032   0.5276   0.3292
   0.600   0.5493   0.00727   0.00176  -0.1031   0.5114   0.4040
   1.100   0.6040   0.00700   0.00188  -0.1028   0.4966   0.5669
   1.600   0.6589   0.00683   0.00202  -0.1024   0.4834   0.7000
   2.100   0.7122   0.00664   0.00220  -0.1014   0.4721   0.8344
   2.600   0.7613   0.00662   0.00241  -0.0992   0.4607   0.9531
   3.100   0.8339   0.00684   0.00258  -0.1024   0.4488   0.9934
   3.600   0.9029   0.00705   0.00275  -0.1050   0.4378   1.0000
   4.100   0.9529   0.00729   0.00292  -0.1035   0.4264   1.0000
   4.600   1.0052   0.00751   0.00310  -0.1025   0.4146   1.0000
   5.100   1.0584   0.00775   0.00330  -0.1016   0.4016   1.0000
   5.600   1.1109   0.00804   0.00354  -0.1007   0.3858   1.0000
   6.100   1.1624   0.00839   0.00382  -0.0996   0.3669   1.0000
   6.600   1.2121   0.00884   0.00417  -0.0981   0.3453   1.0000
   7.100   1.2611   0.00930   0.00456  -0.0966   0.3226   1.0000
   7.600   1.3067   0.00991   0.00504  -0.0945   0.2964   1.0000
   8.100   1.3492   0.01055   0.00558  -0.0919   0.2693   1.0000
   8.600   1.3866   0.01136   0.00626  -0.0884   0.2397   1.0000
   9.100   1.4213   0.01234   0.00710  -0.0846   0.2084   1.0000
   9.600   1.4525   0.01353   0.00813  -0.0804   0.1767   1.0000
  10.100   1.4805   0.01491   0.00936  -0.0761   0.1473   1.0000
  10.600   1.5063   0.01647   0.01081  -0.0717   0.1216   1.0000
  11.100   1.5309   0.01820   0.01245  -0.0675   0.1007   1.0000
  11.600   1.5534   0.02016   0.01436  -0.0634   0.0846   1.0000
  12.100   1.5744   0.02234   0.01653  -0.0596   0.0717   1.0000
  12.600   1.5930   0.02487   0.01905  -0.0560   0.0618   1.0000
  13.100   1.6095   0.02770   0.02191  -0.0528   0.0541   1.0000
  13.600   1.6245   0.03086   0.02512  -0.0498   0.0481   1.0000
  14.100   1.6379   0.03437   0.02871  -0.0473   0.0435   1.0000
  14.600   1.6484   0.03837   0.03280  -0.0452   0.0397   1.0000
  15.100   1.6537   0.04308   0.03760  -0.0433   0.0363   1.0000
  15.600   1.6585   0.04809   0.04272  -0.0419   0.0338   1.0000
  16.100   1.6582   0.05381   0.04856  -0.0409   0.0316   1.0000
  16.600   1.6570   0.05983   0.05471  -0.0403   0.0298   1.0000
  17.100   1.6478   0.06691   0.06192  -0.0400   0.0280   1.0000
  17.600   1.6441   0.07355   0.06871  -0.0401   0.0267   1.0000
  18.100   1.6324   0.08124   0.07654  -0.0406   0.0254   1.0000
  18.600   1.6168   0.08963   0.08507  -0.0416   0.0242   1.0000
  19.100   1.6070   0.09737   0.09297  -0.0429   0.0234   1.0000
  19.600   1.5947   0.10559   0.10134  -0.0446   0.0224   1.0000
  20.100   1.5768   0.11474   0.11063  -0.0470   0.0216   1.0000
