  
       XFOIL         Version 6.99
  
 Calculated polar for: NACA 4415                                       
  
 1 1 Reynolds number fixed          Mach number fixed         
  
 xtrf =   1.000 (top)        1.000 (bottom)  
 Mach =   0.360     Re =     2.770 e 6     Ncrit =   9.000
  
   alpha    CL        CD       CDp       CM     Top_Xtr  Bot_Xtr
  ------ -------- --------- --------- -------- -------- --------
  -4.000   0.0206   0.00734   0.00199  -0.1107   0.6250   0.0652
  -3.500   0.0828   0.00721   0.00182  -0.1104   0.6011   0.0761
  -3.000   0.1449   0.00712   0.00170  -0.1101   0.5778   0.0886
  -2.500   0.2067   0.00707   0.00161  -0.1099   0.5548   0.1038
  -2.000   0.2684   0.00701   0.00154  -0.1097   0.5335   0.1229
  -1.500   0.3303   0.00697   0.00150  -0.1096   0.5153   0.1445
  -1.000   0.3920   0.00694   0.00149  -0.1095   0.4983   0.1701
  -0.500   0.4539   0.00690   0.00150  -0.1094   0.4845   0.2006
   0.000   0.5160   0.00687   0.00153  -0.1094   0.4724   0.2345
   0.500   0.5776   0.00687   0.00159  -0.1094   0.4605   0.2734
   1.000   0.6392   0.00687   0.00167  -0.1093   0.4494   0.3195
   1.500   0.7008   0.00680   0.00175  -0.1093   0.4402   0.3859
   2.000   0.7606   0.00663   0.00190  -0.1090   0.4287   0.5323
   2.500   0.8216   0.00647   0.00205  -0.1089   0.4207   0.6563
   3.000   0.8809   0.00641   0.00225  -0.1083   0.4095   0.7740
   3.500   0.9370   0.00631   0.00247  -0.1068   0.3986   0.9066
   4.000   0.9977   0.00643   0.00269  -0.1061   0.3858   0.9861
   4.500   1.0695   0.00674   0.00293  -0.1081   0.3692   1.0000
   5.000   1.1248   0.00706   0.00317  -0.1065   0.3511   1.0000
   5.500   1.1793   0.00747   0.00349  -0.1047   0.3294   1.0000
   6.000   1.2335   0.00792   0.00385  -0.1028   0.3068   1.0000
   6.500   1.2841   0.00849   0.00431  -0.1003   0.2801   1.0000
   7.000   1.3314   0.00912   0.00483  -0.0971   0.2530   1.0000
   7.500   1.3735   0.00988   0.00549  -0.0930   0.2239   1.0000
   8.000   1.4127   0.01084   0.00632  -0.0885   0.1925   1.0000
   8.500   1.4476   0.01203   0.00737  -0.0836   0.1605   1.0000
   9.000   1.4800   0.01341   0.00864  -0.0786   0.1310   1.0000
   9.500   1.5104   0.01498   0.01013  -0.0735   0.1063   1.0000
  10.000   1.5382   0.01681   0.01190  -0.0686   0.0863   1.0000
  10.500   1.5652   0.01884   0.01392  -0.0639   0.0710   1.0000
  11.000   1.5906   0.02115   0.01624  -0.0595   0.0598   1.0000
  11.500   1.6140   0.02379   0.01891  -0.0555   0.0509   1.0000
  12.000   1.6347   0.02680   0.02198  -0.0517   0.0443   1.0000
  12.500   1.6525   0.03029   0.02554  -0.0482   0.0391   1.0000
  13.000   1.6669   0.03427   0.02961  -0.0452   0.0349   1.0000
  13.500   1.6771   0.03887   0.03431  -0.0425   0.0316   1.0000
  14.000   1.6833   0.04402   0.03958  -0.0402   0.0289   1.0000
  14.500   1.6869   0.04965   0.04533  -0.0384   0.0267   1.0000
  15.000   1.6836   0.05608   0.05189  -0.0370   0.0248   1.0000
  15.500   1.6801   0.06274   0.05869  -0.0360   0.0234   1.0000
  16.000   1.6717   0.06999   0.06608  -0.0354   0.0221   1.0000
  16.500   1.6587   0.07794   0.07416  -0.0354   0.0209   1.0000
  17.000   1.6475   0.08585   0.08222  -0.0357   0.0199   1.0000
  17.500   1.6341   0.09415   0.09065  -0.0365   0.0189   1.0000
  18.000   1.6140   0.10341   0.10006  -0.0382   0.0180   1.0000
  18.500   1.6018   0.11198   0.10878  -0.0400   0.0174   1.0000
  19.000   1.5860   0.12111   0.11806  -0.0426   0.0167   1.0000
  19.500   1.5710   0.13042   0.12749  -0.0458   0.0161   1.0000
  20.000   1.5530   0.14034   0.13755  -0.0499   0.0155   1.0000
