  
       XFOIL         Version 6.99
  
 Calculated polar for: NACA 4415                                       
  
 1 1 Reynolds number fixed          Mach number fixed         
  
 xtrf =   1.000 (top)        1.000 (bottom)  
 Mach =   0.470     Re =     3.700 e 6     Ncrit =   9.000
  
   alpha    CL        CD       CDp       CM     Top_Xtr  Bot_Xtr
  ------ -------- --------- --------- -------- -------- --------
  -4.000   0.0147   0.00732   0.00215  -0.1182   0.5804   0.0549
  -3.500   0.0821   0.00721   0.00197  -0.1175   0.5567   0.0633
  -3.000   0.1491   0.00713   0.00183  -0.1169   0.5336   0.0738
  -2.500   0.2162   0.00703   0.00172  -0.1165   0.5148   0.0875
  -2.000   0.2831   0.00698   0.00165  -0.1161   0.4972   0.1024
  -1.000   0.4168   0.00686   0.00158  -0.1157   0.4702   0.1443
  -0.500   0.4835   0.00683   0.00158  -0.1155   0.4586   0.1698
   0.000   0.5495   0.00682   0.00163  -0.1153   0.4465   0.2004
   0.500   0.6166   0.00679   0.00167  -0.1152   0.4389   0.2345
   1.000   0.6823   0.00682   0.00177  -0.1149   0.4277   0.2727
   1.500   0.7491   0.00681   0.00186  -0.1148   0.4202   0.3174
   2.000   0.8145   0.00682   0.00200  -0.1144   0.4096   0.3835
   3.000   0.9444   0.00660   0.00237  -0.1134   0.3884   0.6465
   3.500   1.0079   0.00661   0.00262  -0.1125   0.3746   0.7631
   4.000   1.0678   0.00662   0.00292  -0.1105   0.3592   0.8989
   4.500   1.1320   0.00683   0.00326  -0.1092   0.3423   0.9944
   5.000   1.1962   0.00722   0.00359  -0.1080   0.3231   1.0000
   5.500   1.2525   0.00771   0.00399  -0.1051   0.3007   1.0000
   6.000   1.3031   0.00828   0.00448  -0.1011   0.2764   1.0000
   7.000   1.3982   0.00989   0.00592  -0.0922   0.2202   1.0000
   7.500   1.4402   0.01101   0.00695  -0.0870   0.1891   1.0000
   8.000   1.4779   0.01240   0.00825  -0.0815   0.1577   1.0000
   8.500   1.5110   0.01410   0.00989  -0.0756   0.1283   1.0000
   9.000   1.5403   0.01617   0.01192  -0.0698   0.1025   1.0000
   9.500   1.5679   0.01856   0.01430  -0.0643   0.0827   1.0000
  10.000   1.5920   0.02138   0.01714  -0.0590   0.0671   1.0000
  10.500   1.6149   0.02458   0.02039  -0.0543   0.0559   1.0000
  11.000   1.6338   0.02831   0.02420  -0.0499   0.0474   1.0000
  11.500   1.6508   0.03248   0.02847  -0.0461   0.0413   1.0000
  12.000   1.6625   0.03729   0.03339  -0.0427   0.0363   1.0000
  12.500   1.6697   0.04268   0.03890  -0.0397   0.0326   1.0000
  13.000   1.6732   0.04859   0.04496  -0.0371   0.0297   1.0000
  13.500   1.6698   0.05524   0.05174  -0.0351   0.0273   1.0000
  14.000   1.6635   0.06234   0.05898  -0.0335   0.0253   1.0000
  14.500   1.6527   0.06998   0.06676  -0.0324   0.0238   1.0000
  15.000   1.6418   0.07784   0.07476  -0.0319   0.0224   1.0000
  16.000   1.6099   0.09512   0.09232  -0.0326   0.0201   1.0000
  16.500   1.5939   0.10410   0.10144  -0.0339   0.0191   1.0000
  17.000   1.5754   0.11365   0.11112  -0.0360   0.0183   1.0000
  17.500   1.5567   0.12345   0.12106  -0.0389   0.0176   1.0000
  18.000   1.5392   0.13352   0.13128  -0.0426   0.0170   1.0000
  18.500   1.5227   0.14371   0.14160  -0.0470   0.0163   1.0000
  19.000   1.5059   0.15435   0.15236  -0.0523   0.0157   1.0000
  19.500   1.4883   0.16550   0.16363  -0.0587   0.0152   1.0000
  20.000   1.4722   0.17678   0.17503  -0.0658   0.0147   1.0000
