  
       XFOIL         Version 6.99
  
 Calculated polar for: NACA 4415                                       
  
 1 1 Reynolds number fixed          Mach number fixed         
  
 xtrf =   1.000 (top)        1.000 (bottom)  
 Mach =   0.090     Re =     0.930 e 6     Ncrit =   9.000
  
   alpha    CL        CD       CDp       CM     Top_Xtr  Bot_Xtr
  ------ -------- --------- --------- -------- -------- --------
  -3.500   0.0855   0.00836   0.00233  -0.1035   0.7272   0.1187
  -3.000   0.1412   0.00822   0.00216  -0.1032   0.7040   0.1389
  -2.500   0.1965   0.00809   0.00203  -0.1029   0.6802   0.1641
  -2.000   0.2519   0.00801   0.00195  -0.1027   0.6567   0.1929
  -1.500   0.3073   0.00794   0.00189  -0.1024   0.6327   0.2273
  -1.000   0.3623   0.00789   0.00187  -0.1021   0.6093   0.2680
  -0.500   0.4171   0.00787   0.00189  -0.1018   0.5870   0.3164
   0.000   0.4720   0.00776   0.00192  -0.1016   0.5665   0.3844
   0.500   0.5252   0.00746   0.00200  -0.1012   0.5477   0.5394
   1.000   0.5778   0.00724   0.00214  -0.1004   0.5306   0.6892
   1.500   0.6280   0.00706   0.00232  -0.0990   0.5151   0.8295
   2.000   0.6778   0.00705   0.00253  -0.0970   0.5014   0.9514
   3.000   0.8231   0.00752   0.00286  -0.1041   0.4752   1.0000
   4.000   0.9214   0.00796   0.00318  -0.1012   0.4523   1.0000
   4.500   0.9724   0.00821   0.00339  -0.1002   0.4408   1.0000
   5.000   1.0228   0.00852   0.00363  -0.0990   0.4279   1.0000
   5.500   1.0751   0.00876   0.00386  -0.0983   0.4152   1.0000
   6.000   1.1263   0.00906   0.00413  -0.0974   0.4004   1.0000
   6.500   1.1763   0.00941   0.00443  -0.0963   0.3829   1.0000
   7.000   1.2244   0.00984   0.00479  -0.0949   0.3629   1.0000
   7.500   1.2711   0.01033   0.00520  -0.0933   0.3414   1.0000
   8.000   1.3153   0.01089   0.00569  -0.0913   0.3172   1.0000
   8.500   1.3540   0.01157   0.00627  -0.0883   0.2915   1.0000
   9.000   1.3900   0.01242   0.00700  -0.0849   0.2628   1.0000
   9.500   1.4235   0.01344   0.00789  -0.0814   0.2321   1.0000
  10.000   1.4539   0.01465   0.00896  -0.0776   0.2008   1.0000
  10.500   1.4807   0.01608   0.01025  -0.0735   0.1704   1.0000
  11.000   1.5041   0.01777   0.01181  -0.0692   0.1425   1.0000
  11.500   1.5244   0.01972   0.01366  -0.0650   0.1186   1.0000
  12.000   1.5436   0.02188   0.01575  -0.0610   0.0995   1.0000
  12.500   1.5610   0.02432   0.01816  -0.0573   0.0846   1.0000
  13.000   1.5764   0.02706   0.02091  -0.0539   0.0729   1.0000
  13.500   1.5896   0.03017   0.02405  -0.0509   0.0639   1.0000
  14.000   1.6005   0.03367   0.02760  -0.0482   0.0568   1.0000
  14.500   1.6095   0.03761   0.03161  -0.0460   0.0512   1.0000
  15.000   1.6145   0.04217   0.03625  -0.0441   0.0467   1.0000
  15.500   1.6177   0.04717   0.04135  -0.0426   0.0430   1.0000
  16.000   1.6194   0.05254   0.04685  -0.0416   0.0400   1.0000
  16.500   1.6145   0.05889   0.05331  -0.0410   0.0373   1.0000
  17.000   1.6116   0.06517   0.05975  -0.0408   0.0353   1.0000
  17.500   1.6038   0.07224   0.06695  -0.0410   0.0334   1.0000
  18.000   1.5912   0.08003   0.07489  -0.0416   0.0318   1.0000
  18.500   1.5837   0.08738   0.08240  -0.0425   0.0303   1.0000
  19.000   1.5700   0.09560   0.09076  -0.0438   0.0290   1.0000
  19.500   1.5524   0.10459   0.09990  -0.0457   0.0278   1.0000
  20.000   1.5441   0.11236   0.10783  -0.0477   0.0267   1.0000
